0 0.19609375 0.69375 0.1359375 0.496875
0 0.35625 0.70390625 0.125 0.4703125
0 0.48828125 0.759375 0.1484375 0.37265625
0 0.634375 0.7609375 0.15234375 0.3703125
9 0.81484375 0.8234375 0.1625 0.1984375
0 0.809375 0.79765625 0.16484375 0.27265625
9 0.8015625 0.6453125 0.1640625 0.18984375
0 0.80859375 0.60546875 0.1578125 0.29375
0 0.80546875 0.39375 0.2078125 0.29765625
9 0.81328125 0.225 0.1640625 0.20703125
0 0.81328125 0.190625 0.1640625 0.28359375
0 0.36484375 0.27578125 0.12578125 0.49140625
0 0.49921875 0.28203125 0.1140625 0.4453125
0 0.65 0.3 0.1484375 0.43203125
9 0.196875 0.79296875 0.13203125 0.28515625
9 0.35859375 0.81328125 0.10859375 0.22890625
9 0.49453125 0.8234375 0.15 0.23203125
9 0.6375 0.834375 0.14921875 0.18671875
9 0.81328125 0.44140625 0.17421875 0.20390625
10 0.653125 0.3640625 0.13046875 0.3171875
9 0.50703125 0.3953125 0.12265625 0.2453125
9 0.35859375 0.37109375 0.121875 0.25625