9 0.80625 0.23203125 0.16640625 0.215625
0 0.81328125 0.19609375 0.1703125 0.278125
9 0.8140625 0.4328125 0.17265625 0.209375
0 0.815625 0.39609375 0.1859375 0.29375
0 0.81328125 0.60078125 0.165625 0.2953125
0 0.81484375 0.79921875 0.1734375 0.28828125
0 0.6375 0.7578125 0.14453125 0.36171875
0 0.49765625 0.75078125 0.13984375 0.359375
0 0.3546875 0.7109375 0.1171875 0.46796875
0 0.190625 0.68984375 0.14375 0.4921875
0 0.35625 0.27109375 0.1109375 0.475
0 0.496875 0.27890625 0.11796875 0.45078125
0 0.64765625 0.29453125 0.159375 0.44375
9 0.19296875 0.79140625 0.13828125 0.29140625
9 0.36015625 0.8203125 0.1265625 0.2328125
9 0.4953125 0.8265625 0.1359375 0.22109375
9 0.64296875 0.8359375 0.14453125 0.2
9 0.81015625 0.82578125 0.15234375 0.228125
9 0.80859375 0.65234375 0.15546875 0.1828125
9 0.4984375 0.38359375 0.12109375 0.2328125
9 0.3609375 0.37578125 0.109375 0.2640625
10 0.64921875 0.35546875 0.13828125 0.2859375