0 0.15625 0.146875 0.3125 0.14375
0 0.50078125 0.13984375 0.36328125 0.09609375
0 0.8453125 0.14375 0.309375 0.09765625
0 0.16875 0.46875 0.33125 0.10546875
0 0.496875 0.4640625 0.3078125 0.0875
0 0.8375 0.46953125 0.30859375 0.10625
0 0.1578125 0.74453125 0.315625 0.109375
0 0.490625 0.74375 0.33046875 0.09140625
0 0.83203125 0.74375 0.328125 0.0984375
9 0.21640625 0.134375 0.1921875 0.121875
9 0.58984375 0.13671875 0.184375 0.096875
9 0.89921875 0.13984375 0.19140625 0.0890625
9 0.5625 0.46484375 0.17421875 0.09140625
9 0.90625 0.4625 0.18203125 0.084375
9 0.2296875 0.7421875 0.16953125 0.08515625
9 0.57265625 0.74453125 0.15859375 0.0890625
9 0.90859375 0.7421875 0.18203125 0.0953125
10 0.24609375 0.4671875 0.13671875 0.0875