0 0.18125 0.0875 0.11328125 0.13125
0 0.1703125 0.2515625 0.12890625 0.14140625
0 0.171875 0.41875 0.13984375 0.13125
0 0.16953125 0.578125 0.13046875 0.1234375
0 0.17421875 0.75234375 0.125 0.1140625
0 0.17265625 0.92734375 0.1359375 0.12890625
0 0.42421875 0.92265625 0.1375 0.146875
0 0.4234375 0.759375 0.13671875 0.128125
0 0.42578125 0.5828125 0.1359375 0.13671875
0 0.41953125 0.4171875 0.14609375 0.12109375
0 0.42734375 0.2515625 0.12890625 0.1328125
0 0.43515625 0.0796875 0.12265625 0.12421875
0 0.678125 0.0953125 0.121875 0.13125
0 0.66484375 0.24609375 0.13671875 0.11796875
0 0.67890625 0.415625 0.12109375 0.13046875
0 0.67578125 0.5875 0.1171875 0.13046875
0 0.675 0.7625 0.13515625 0.12265625
0 0.6734375 0.93515625 0.13203125 0.11015625
0 0.934375 0.0921875 0.13125 0.1375
0 0.92578125 0.24609375 0.14609375 0.11796875
0 0.93828125 0.41875 0.1234375 0.12421875
0 0.9359375 0.58984375 0.128125 0.13984375
9 0.19140625 0.08671875 0.07890625 0.09140625
9 0.18984375 0.25625 0.0859375 0.1109375
9 0.18828125 0.421875 0.0859375 0.1
9 0.18984375 0.58828125 0.090625 0.09375
9 0.18984375 0.7578125 0.08671875 0.09765625
9 0.19453125 0.93828125 0.08359375 0.08828125
9 0.4546875 0.9390625 0.0765625 0.0984375
9 0.44609375 0.7671875 0.0875 0.09375
9 0.45234375 0.5984375 0.07734375 0.09453125
9 0.453125 0.4296875 0.0796875 0.09609375
9 0.45 0.25390625 0.08203125 0.09375
9 0.45546875 0.09453125 0.084375 0.0875
9 0.70078125 0.1046875 0.07734375 0.09921875
9 0.69453125 0.253125 0.090625 0.08515625
9 0.69921875 0.43046875 0.07734375 0.11640625
9 0.696875 0.5984375 0.06796875 0.10546875
9 0.6953125 0.771875 0.075 0.09453125
9 0.6890625 0.94453125 0.084375 0.09765625
9 0.9234375 0.853125 0.10078125 0.11796875
9 0.96015625 0.60390625 0.0734375 0.125
9 0.96328125 0.43125 0.06640625 0.11796875
9 0.95546875 0.253125 0.08046875 0.10078125
9 0.95625 0.10625 0.07578125 0.11484375