0 0.17421875 0.23984375 0.33984375 0.1640625
0 0.16015625 0.421875 0.271875 0.16875
0 0.19140625 0.84609375 0.3765625 0.2078125
0 0.83359375 0.1109375 0.3328125 0.221875
0 0.546875 0.26015625 0.284375 0.1875
0 0.521875 0.640625 0.3484375 0.18828125
0 0.5546875 0.82890625 0.3671875 0.20625
9 0.14765625 0.846875 0.28046875 0.1859375
9 0.1171875 0.4140625 0.17109375 0.17578125
9 0.09375 0.24453125 0.171875 0.1453125
9 0.484375 0.26875 0.16015625 0.18125
9 0.45859375 0.6421875 0.21796875 0.1546875
9 0.6296875 0.8171875 0.2171875 0.1859375
9 0.7609375 0.11953125 0.2203125 0.20625
0 0.86796875 0.73125 0.25625 0.3765625
9 0.8796875 0.7890625 0.22578125 0.2484375
0 0.50625 0.46953125 0.36328125 0.18828125
10 0.4515625 0.47578125 0.234375 0.18515625