0 0.1453125 0.4390625 0.13671875 0.41875
0 0.27890625 0.4421875 0.16484375 0.42265625
10 0.42109375 0.65859375 0.153125 0.403125
0 0.41796875 0.590625 0.14765625 0.5296875
10 0.5234375 0.53125 0.13671875 0.20859375
0 0.521875 0.48671875 0.13125 0.30078125
0 0.59375 0.46015625 0.1671875 0.3125
10 0.69296875 0.50078125 0.1859375 0.2296875
0 0.69375 0.46796875 0.1765625 0.3203125
10 0.646875 0.50859375 0.15078125 0.20703125
0 0.64453125 0.4609375 0.13984375 0.309375
0 0.79453125 0.41171875 0.2203125 0.45
9 0.146875 0.5328125 0.1359375 0.21953125
9 0.271875 0.53828125 0.17109375 0.22578125
9 0.59375 0.51953125 0.16015625 0.20625
10 0.76640625 0.52890625 0.178125 0.221875