0 0.07890625 0.41171875 0.1390625 0.78671875
9 0.0765625 0.59921875 0.13203125 0.390625
0 0.19765625 0.578125 0.08203125 0.80234375
0 0.3046875 0.4109375 0.1375 0.78515625
0 0.43203125 0.5859375 0.1296875 0.7796875
0 0.56796875 0.4125 0.14609375 0.78125
0 0.7078125 0.58203125 0.11875 0.7875
0 0.93359375 0.56953125 0.13203125 0.75859375
9 0.196875 0.7421875 0.07890625 0.4546875
9 0.303125 0.59453125 0.13515625 0.39296875
10 0.42734375 0.7984375 0.115625 0.34609375
9 0.56328125 0.56640625 0.1484375 0.46796875
9 0.70546875 0.73671875 0.1234375 0.47890625
9 0.82265625 0.56328125 0.096875 0.47734375
9 0.93125 0.6546875 0.11796875 0.5796875