0 0.87265625 0.2859375 0.109375 0.42421875
0 0.18671875 0.27421875 0.1125 0.4484375
0 0.28671875 0.284375 0.090625 0.40703125
9 0.35859375 0.39140625 0.08515625 0.20703125
0 0.35546875 0.31015625 0.07265625 0.3234375
0 0.4515625 0.275 0.08984375 0.40234375
9 0.53984375 0.36796875 0.0734375 0.2109375
0 0.54296875 0.3046875 0.06953125 0.3375
9 0.62109375 0.3640625 0.08203125 0.1890625
0 0.625 0.3078125 0.0671875 0.3140625
9 0.70546875 0.35703125 0.071875 0.1859375
0 0.69921875 0.309375 0.07578125 0.2953125
0 0.78203125 0.29921875 0.09296875 0.3484375
0 0.878125 0.72421875 0.1125 0.37421875
0 0.496875 0.69453125 0.10234375 0.48359375
0 0.59765625 0.7203125 0.09140625 0.4109375
0 0.678125 0.7203125 0.0859375 0.34921875
0 0.76640625 0.6984375 0.1375 0.4578125
9 0.190625 0.40078125 0.10703125 0.196875
9 0.28046875 0.40546875 0.07734375 0.19453125
9 0.45 0.3546875 0.08203125 0.23984375
9 0.78203125 0.35390625 0.07109375 0.209375
9 0.86171875 0.34296875 0.084375 0.271875
10 0.88125 0.83203125 0.084375 0.1546875
10 0.78203125 0.82421875 0.0984375 0.196875
10 0.68359375 0.81171875 0.06796875 0.1578125
10 0.59921875 0.81875 0.0890625 0.18671875
10 0.48828125 0.8125 0.09765625 0.22890625