0 0.24375 0.04921875 0.4296875 0.0796875
0 0.7171875 0.06796875 0.44453125 0.1359375
0 0.26171875 0.16484375 0.421875 0.1359375
0 0.2609375 0.29921875 0.4296875 0.11015625
0 0.22109375 0.46484375 0.35 0.17734375
0 0.684375 0.43515625 0.37421875 0.1125
0 0.2203125 0.6234375 0.36953125 0.12734375
0 0.2140625 0.7890625 0.3921875 0.14921875
0 0.2296875 0.953125 0.459375 0.09375
0 0.71640625 0.29375 0.4171875 0.090625
0 0.74453125 0.784375 0.4859375 0.08203125
9 0.35078125 0.05 0.2234375 0.078125
9 0.33984375 0.1671875 0.25859375 0.13359375
9 0.35390625 0.29140625 0.25546875 0.1046875
9 0.3015625 0.46796875 0.18203125 0.16875
9 0.27890625 0.6203125 0.2703125 0.12109375
9 0.290625 0.784375 0.21171875 0.1390625
9 0.33984375 0.94609375 0.23125 0.0765625
9 0.86484375 0.78359375 0.2109375 0.0765625
9 0.7609375 0.42890625 0.2203125 0.1
9 0.81015625 0.06953125 0.23125 0.13203125
9 0.82109375 0.29296875 0.21484375 0.0890625