9 0.86171875 0.3390625 0.0796875 0.27421875
0 0.8625 0.275 0.084375 0.4203125
0 0.2 0.27109375 0.10078125 0.44375
0 0.28359375 0.28203125 0.08125 0.42578125
0 0.36328125 0.31015625 0.08828125 0.32265625
0 0.45703125 0.2734375 0.08828125 0.4015625
9 0.5390625 0.3609375 0.07265625 0.20859375
0 0.5453125 0.30234375 0.07890625 0.34140625
9 0.62265625 0.36640625 0.06015625 0.1625
0 0.62734375 0.31015625 0.07421875 0.29140625
9 0.70390625 0.3703125 0.07109375 0.1734375
0 0.70390625 0.30859375 0.07265625 0.284375
0 0.78515625 0.28359375 0.06953125 0.33203125
0 0.87265625 0.7296875 0.09921875 0.36015625
0 0.771875 0.69375 0.121875 0.4609375
0 0.684375 0.72734375 0.0921875 0.31796875
0 0.5921875 0.715625 0.09453125 0.40078125
0 0.48828125 0.68984375 0.10390625 0.465625
9 0.19453125 0.3984375 0.09140625 0.17421875
9 0.278125 0.4 0.07890625 0.19296875
9 0.3625 0.37578125 0.0703125 0.19140625
9 0.45390625 0.34921875 0.06640625 0.2375
9 0.784375 0.35625 0.07265625 0.1890625
10 0.4921875 0.8078125 0.10078125 0.22890625
10 0.59765625 0.82421875 0.08515625 0.17890625
10 0.68125 0.815625 0.0640625 0.1421875
10 0.78515625 0.83828125 0.090625 0.17109375
10 0.8796875 0.83125 0.08125 0.15078125