0 0.128125 0.2484375 0.16015625 0.34453125
0 0.32421875 0.2375 0.17109375 0.3546875
0 0.51953125 0.26171875 0.1703125 0.3578125
0 0.14375 0.68359375 0.190625 0.4984375
0 0.378125 0.6625 0.2109375 0.4609375
0 0.6234375 0.7078125 0.2 0.55
0 0.85234375 0.66640625 0.18359375 0.45625
9 0.13125 0.31953125 0.1375 0.190625
9 0.32109375 0.3046875 0.16171875 0.21328125
9 0.52890625 0.31484375 0.15546875 0.2375
9 0.13984375 0.76171875 0.18203125 0.33515625
9 0.38515625 0.75625 0.19375 0.24453125
9 0.6234375 0.82734375 0.18125 0.3140625
9 0.83359375 0.76171875 0.1734375 0.27109375