0 0.1578125 0.1421875 0.315625 0.1375
0 0.50625 0.1359375 0.34765625 0.10859375
0 0.84375 0.1375 0.3125 0.10546875
0 0.16171875 0.46484375 0.31171875 0.1046875
0 0.50546875 0.45625 0.3234375 0.121875
0 0.84140625 0.45859375 0.31640625 0.11328125
0 0.83203125 0.7390625 0.3359375 0.10078125
0 0.4890625 0.7390625 0.32890625 0.115625
0 0.159375 0.74140625 0.3140625 0.10859375
9 0.21875 0.13046875 0.1828125 0.1140625
9 0.58046875 0.13203125 0.18046875 0.1140625
9 0.89609375 0.13359375 0.20703125 0.11640625
9 0.90390625 0.46328125 0.1828125 0.09140625
9 0.5640625 0.4578125 0.17890625 0.096875
9 0.23046875 0.74453125 0.171875 0.0984375
9 0.57265625 0.7375 0.14609375 0.10390625
9 0.90625 0.73984375 0.171875 0.0953125
10 0.24453125 0.46328125 0.15625 0.10078125