0 0.19375 0.7 0.13671875 0.48984375
0 0.353125 0.70859375 0.128125 0.4671875
9 0.49375 0.82109375 0.14765625 0.234375
0 0.4953125 0.75234375 0.140625 0.35390625
0 0.6375 0.753125 0.15390625 0.33984375
9 0.8125 0.825 0.153125 0.22109375
0 0.81015625 0.8 0.15625 0.28984375
9 0.80625 0.228125 0.16875 0.21328125
0 0.81015625 0.1921875 0.1609375 0.2859375
9 0.8140625 0.434375 0.18203125 0.20546875
0 0.81328125 0.39765625 0.18203125 0.2921875
0 0.8109375 0.59921875 0.17109375 0.303125
0 0.646875 0.28984375 0.146875 0.4453125
0 0.4984375 0.28359375 0.12578125 0.4484375
0 0.359375 0.26953125 0.12890625 0.47578125
9 0.19375 0.79296875 0.12890625 0.29140625
9 0.3578125 0.81328125 0.10625 0.2375
9 0.63984375 0.8421875 0.14609375 0.19921875
9 0.80625 0.6484375 0.1640625 0.18203125
10 0.65234375 0.35625 0.13515625 0.29921875
9 0.496875 0.3859375 0.128125 0.23046875
9 0.36015625 0.371875 0.11875 0.26484375