0 0.303125 0.5015625 0.28046875 0.8796875
0 0.5796875 0.57265625 0.2515625 0.74453125
0 0.8546875 0.546875 0.2890625 0.7984375
9 0.05625 0.8578125 0.05546875 0.10078125
0 0.05390625 0.8421875 0.05390625 0.15234375
0 0.0984375 0.85390625 0.046875 0.1265625
0 0.1421875 0.85234375 0.03984375 0.11875
9 0.14140625 0.88125 0.0515625 0.0859375
9 0.3078125 0.63984375 0.26796875 0.59296875
9 0.58515625 0.6484375 0.24453125 0.58515625
9 0.85078125 0.69765625 0.2859375 0.4734375
9 0.09921875 0.8625 0.03671875 0.0953125