0 0.08359375 0.2375 0.1671875 0.4609375
0 0.246875 0.2359375 0.1515625 0.4359375
0 0.43828125 0.23984375 0.196875 0.4484375
0 0.6078125 0.240625 0.15390625 0.4578125
0 0.76015625 0.2359375 0.16171875 0.4625
9 0.91015625 0.2171875 0.1484375 0.265625
0 0.9140625 0.18828125 0.16328125 0.3453125
0 0.92265625 0.65625 0.1171875 0.51171875
0 0.75859375 0.70390625 0.17109375 0.4125
0 0.4484375 0.64140625 0.16328125 0.37421875
0 0.26796875 0.68671875 0.17109375 0.446875
0 0.08984375 0.67578125 0.16484375 0.434375
0 0.59765625 0.6875 0.13203125 0.45859375
9 0.090625 0.3234375 0.15 0.2609375
9 0.43984375 0.33984375 0.18515625 0.22890625
9 0.76171875 0.3234375 0.15078125 0.27421875
9 0.9234375 0.7765625 0.109375 0.246875
9 0.60078125 0.7734375 0.13671875 0.2796875
9 0.26640625 0.753125 0.17109375 0.3
9 0.08515625 0.74375 0.1484375 0.284375
10 0.6140625 0.32421875 0.14296875 0.27265625
10 0.75546875 0.7734375 0.15390625 0.25859375
10 0.45078125 0.7046875 0.16328125 0.2453125
10 0.24765625 0.3125 0.15390625 0.2828125