5 0.2234375 0.4296875 0.40703125 0.859375
5 0.1875 0.46875 0.375 0.76796875
5 0.33203125 0.425 0.2421875 0.85
5 0.43046875 0.41015625 0.1328125 0.8203125
5 0.5390625 0.4359375 0.1421875 0.871875
5 0.80859375 0.4453125 0.3828125 0.890625
5 0.753125 0.43515625 0.38515625 0.86953125
5 0.640625 0.42734375 0.20859375 0.8546875
7 0.953125 0.15859375 0.09375 0.3171875
7 0.40859375 0.17890625 0.13125 0.3578125
6 0.13828125 0.23203125 0.2484375 0.46328125
6 0.05546875 0.23515625 0.1109375 0.33828125
6 0.30234375 0.2140625 0.17890625 0.42734375
6 0.53984375 0.1640625 0.125 0.328125
6 0.675 0.1640625 0.14296875 0.328125
6 0.82890625 0.196875 0.22734375 0.39375