5 0.0828125 0.49765625 0.15546875 0.98515625
5 0.23515625 0.56875 0.14921875 0.8625
5 0.3734375 0.64765625 0.13359375 0.69140625
5 0.4953125 0.653125 0.13359375 0.678125
5 0.62265625 0.6578125 0.12890625 0.65703125
5 0.77109375 0.5640625 0.1296875 0.84453125
5 0.91953125 0.49921875 0.1609375 0.9890625
6 0.08984375 0.7546875 0.1640625 0.490625
6 0.2296875 0.76953125 0.15703125 0.4265625
6 0.37734375 0.79921875 0.12578125 0.36328125
6 0.4984375 0.8015625 0.11640625 0.35859375
6 0.6265625 0.803125 0.11328125 0.3703125
6 0.7609375 0.7640625 0.146875 0.4296875
6 0.9234375 0.746875 0.15234375 0.490625