5 0.04921875 0.45625 0.08203125 0.91171875
5 0.14765625 0.5390625 0.11015625 0.89921875
5 0.24296875 0.46796875 0.09765625 0.9078125
5 0.3390625 0.54140625 0.0921875 0.88828125
5 0.43125 0.46796875 0.08125 0.9078125
5 0.52109375 0.54453125 0.08984375 0.8890625
5 0.59609375 0.46015625 0.08671875 0.9203125
5 0.684375 0.5421875 0.1 0.88671875
5 0.771875 0.47578125 0.08515625 0.896875
5 0.86328125 0.54765625 0.0734375 0.8828125
5 0.9484375 0.475 0.09921875 0.8984375
6 0.0515625 0.64375 0.08125 0.51796875
6 0.146875 0.7234375 0.090625 0.5
6 0.2453125 0.65546875 0.08515625 0.51015625
6 0.340625 0.7421875 0.08125 0.4625
7 0.43125 0.6890625 0.07734375 0.4625
6 0.52109375 0.72890625 0.08984375 0.53671875
6 0.5984375 0.6953125 0.078125 0.465625
6 0.6875 0.69921875 0.09765625 0.57265625
6 0.775 0.71484375 0.08203125 0.41796875
7 0.85546875 0.7421875 0.0875 0.47109375
6 0.946875 0.68984375 0.10625 0.4546875