5 0.0859375 0.63984375 0.15078125 0.6046875
5 0.23046875 0.64140625 0.1328125 0.61484375
5 0.39921875 0.57421875 0.14765625 0.7203125
5 0.565625 0.5796875 0.1375 0.74296875
5 0.7328125 0.4953125 0.14453125 0.9171875
5 0.90625 0.5078125 0.14609375 0.925
6 0.0828125 0.75703125 0.12890625 0.3671875
6 0.23671875 0.7546875 0.1125 0.36171875
6 0.39140625 0.7375 0.14921875 0.41171875
6 0.565625 0.7515625 0.14296875 0.3890625
6 0.73671875 0.73203125 0.14609375 0.42734375
6 0.9 0.7421875 0.14609375 0.41796875