5 0.59140625 0.540625 0.7234375 0.78046875
5 0.44453125 0.5859375 0.5890625 0.61328125
5 0.32421875 0.65 0.5234375 0.53203125
5 0.2578125 0.74296875 0.4734375 0.46875
5 0.6484375 0.440625 0.634375 0.70078125
5 0.71171875 0.3359375 0.54765625 0.58359375
5 0.77890625 0.26953125 0.403125 0.4375
6 0.1625 0.6328125 0.2609375 0.25625
6 0.2203125 0.5296875 0.3015625 0.3
6 0.31015625 0.42578125 0.34140625 0.34140625
6 0.396875 0.340625 0.321875 0.3546875
6 0.4921875 0.25703125 0.3171875 0.34609375
6 0.58984375 0.203125 0.275 0.30625
6 0.6859375 0.16640625 0.23359375 0.24375