5 0.4515625 0.2765625 0.72265625 0.1578125
5 0.60859375 0.1953125 0.63046875 0.13203125
5 0.5828125 0.3765625 0.7421875 0.146875
5 0.5453125 0.571875 0.8375 0.16875
5 0.428125 0.4703125 0.665625 0.14765625
5 0.51015625 0.76015625 0.92734375 0.1859375
5 0.384375 0.66484375 0.5984375 0.14140625
6 0.74453125 0.1890625 0.34453125 0.1265625
6 0.278125 0.2828125 0.3734375 0.15625
6 0.76640625 0.3703125 0.359375 0.1484375
6 0.27421875 0.48359375 0.34140625 0.15703125
6 0.76796875 0.5625 0.36875 0.1546875
6 0.28125 0.6609375 0.35859375 0.1171875
6 0.7671875 0.75234375 0.353125 0.1703125