5 0.51796875 0.57421875 0.6578125 0.44453125
5 0.50859375 0.49296875 0.6015625 0.55625
5 0.43828125 0.46796875 0.4515625 0.57109375
5 0.37265625 0.4625 0.29296875 0.490625
5 0.30703125 0.43046875 0.15625 0.3625
5 0.5234375 0.6265625 0.61640625 0.32265625
5 0.5765625 0.77421875 0.44296875 0.11328125
5 0.56640625 0.70546875 0.48671875 0.15078125
6 0.3078125 0.36796875 0.128125 0.25078125
6 0.43046875 0.35234375 0.1921875 0.2890625
6 0.53203125 0.3484375 0.2640625 0.30703125
6 0.66171875 0.58515625 0.3328125 0.21015625
6 0.67109375 0.47421875 0.3328125 0.25390625
6 0.65078125 0.3625 0.31015625 0.29609375
7 0.6609375 0.75859375 0.278125 0.1109375
6 0.678125 0.67890625 0.3 0.12265625