5 0.3515625 0.2953125 0.690625 0.49609375
5 0.3421875 0.1796875 0.5125 0.359375
5 0.47734375 0.45859375 0.69609375 0.53984375
5 0.46640625 0.3359375 0.52578125 0.39609375
5 0.6390625 0.64453125 0.7171875 0.66171875
5 0.62109375 0.5 0.53515625 0.48671875
6 0.46328125 0.12421875 0.24921875 0.22265625
6 0.59609375 0.2609375 0.25703125 0.27734375
6 0.55078125 0.17421875 0.27421875 0.26328125
6 0.67734375 0.32890625 0.2828125 0.3046875
6 0.74140625 0.4421875 0.25078125 0.34453125
6 0.8359375 0.5046875 0.29765625 0.34765625