5 0.20703125 0.365625 0.10859375 0.3953125
5 0.31015625 0.57578125 0.1125 0.3109375
5 0.42578125 0.3625 0.10234375 0.3890625
5 0.54765625 0.425 0.0828125 0.50078125
5 0.68359375 0.48125 0.1109375 0.60546875
6 0.25 0.865625 0.11875 0.221875
5 0.24765625 0.81875 0.11875 0.31484375
6 0.378125 0.85859375 0.13125 0.225
5 0.38125 0.81640625 0.11796875 0.31640625
5 0.50546875 0.71875 0.11328125 0.5125
5 0.62421875 0.67265625 0.11171875 0.60390625
5 0.75390625 0.58203125 0.1140625 0.7828125
6 0.22578125 0.29296875 0.09921875 0.2375
6 0.31015625 0.51953125 0.1390625 0.20234375
6 0.42421875 0.29609375 0.09921875 0.25078125
6 0.540625 0.3125 0.10390625 0.284375
6 0.6828125 0.33359375 0.125 0.31015625
6 0.50390625 0.81640625 0.10625 0.284375
6 0.628125 0.809375 0.10390625 0.31015625
6 0.75859375 0.81015625 0.115625 0.3390625