5 0.11875 0.453125 0.13671875 0.7328125
5 0.259375 0.54453125 0.10234375 0.53984375
5 0.4171875 0.5765625 0.11015625 0.4640625
5 0.578125 0.43671875 0.11484375 0.75625
5 0.73125 0.49296875 0.10546875 0.65625
5 0.8609375 0.5359375 0.10546875 0.5546875
7 0.11484375 0.64296875 0.109375 0.33671875
7 0.26484375 0.66953125 0.10859375 0.29921875
7 0.4078125 0.67421875 0.09921875 0.27109375
7 0.5734375 0.6359375 0.10546875 0.33828125
7 0.72265625 0.67890625 0.11328125 0.26875
7 0.86015625 0.67109375 0.09140625 0.26875