5 0.1515625 0.64921875 0.09375 0.7015625
5 0.23671875 0.61171875 0.075 0.75390625
5 0.3265625 0.60234375 0.0984375 0.78515625
5 0.425 0.59296875 0.1078125 0.81328125
5 0.52421875 0.57109375 0.121875 0.84453125
5 0.62265625 0.54453125 0.09140625 0.90078125
5 0.7265625 0.53125 0.10859375 0.92109375
5 0.84375 0.496875 0.1265625 0.9890625
7 0.15625 0.79765625 0.09609375 0.384375
7 0.23359375 0.7734375 0.103125 0.45234375
7 0.3203125 0.775 0.10859375 0.4484375
7 0.42578125 0.74921875 0.08828125 0.48515625
7 0.528125 0.753125 0.1109375 0.48984375
7 0.6234375 0.78671875 0.0859375 0.40390625
7 0.72265625 0.7546875 0.10078125 0.47734375
7 0.8421875 0.72734375 0.1296875 0.528125