5 0.16015625 0.59140625 0.1703125 0.63046875
5 0.29765625 0.565625 0.14296875 0.68359375
5 0.43046875 0.5 0.16015625 0.8984375
5 0.58515625 0.4984375 0.1421875 0.89453125
5 0.7265625 0.56640625 0.140625 0.68984375
5 0.86953125 0.56953125 0.153125 0.7015625
6 0.16484375 0.72265625 0.15546875 0.3546875
6 0.29765625 0.7296875 0.1234375 0.35078125
6 0.4296875 0.76171875 0.165625 0.37578125
6 0.584375 0.759375 0.1640625 0.365625
6 0.72578125 0.7296875 0.1328125 0.33125
6 0.85546875 0.74296875 0.15078125 0.328125