5 0.18984375 0.41875 0.25625 0.5578125
5 0.34609375 0.45546875 0.28359375 0.6640625
5 0.51171875 0.53984375 0.45390625 0.8453125
5 0.621875 0.490625 0.421875 0.84375
5 0.6671875 0.328125 0.34296875 0.559375
5 0.7390625 0.2765625 0.25546875 0.49296875
7 0.1734375 0.2640625 0.15234375 0.26484375
7 0.28203125 0.253125 0.128125 0.209375
7 0.3671875 0.22265625 0.128125 0.20703125
7 0.478125 0.1875 0.125 0.22421875
7 0.56640625 0.16015625 0.134375 0.19921875
7 0.67578125 0.1453125 0.12890625 0.21171875