5 0.83203125 0.51796875 0.2125 0.52109375
5 0.065625 0.496875 0.13125 0.62265625
5 0.18203125 0.54140625 0.1796875 0.9171875
5 0.3546875 0.53359375 0.21015625 0.93203125
5 0.47734375 0.528125 0.121875 0.7203125
5 0.64140625 0.5578125 0.13359375 0.7265625
5 0.9359375 0.5203125 0.128125 0.64765625
6 0.065625 0.36875 0.13125 0.37109375
6 0.17578125 0.30234375 0.1453125 0.2671875
6 0.371875 0.3046875 0.17578125 0.44296875
7 0.475 0.3671875 0.08359375 0.37265625
7 0.86640625 0.4203125 0.14453125 0.2609375
6 0.65390625 0.38046875 0.14453125 0.35078125
6 0.9515625 0.38828125 0.0921875 0.3703125