5 0.0640625 0.51796875 0.06328125 0.45625
5 0.12109375 0.52109375 0.053125 0.45703125
5 0.1671875 0.5203125 0.05078125 0.46171875
5 0.215625 0.51796875 0.053125 0.45625
5 0.26484375 0.5234375 0.0515625 0.4625
5 0.31640625 0.515625 0.05625 0.45078125
5 0.40703125 0.5265625 0.09609375 0.7734375
5 0.5046875 0.525 0.07890625 0.7796875
5 0.59921875 0.5265625 0.103125 0.79140625
5 0.703125 0.53359375 0.09296875 0.7734375
5 0.80234375 0.50078125 0.0953125 0.83046875
5 0.9046875 0.49375 0.10546875 0.8203125
6 0.0703125 0.44921875 0.05546875 0.3140625
6 0.1234375 0.44921875 0.0515625 0.3234375
6 0.17109375 0.45234375 0.0453125 0.32109375
6 0.21640625 0.446875 0.04453125 0.32265625
6 0.2671875 0.4515625 0.0453125 0.31875
6 0.32109375 0.45390625 0.05546875 0.3109375
6 0.40625 0.334375 0.09453125 0.38515625
6 0.50625 0.33671875 0.0921875 0.39453125
6 0.60546875 0.33828125 0.0921875 0.41015625
6 0.7 0.3375 0.0859375 0.3828125
6 0.80703125 0.31796875 0.0984375 0.44296875
6 0.909375 0.32421875 0.10390625 0.44921875