5 0.3515625 0.303125 0.50703125 0.42265625
5 0.31796875 0.2046875 0.50078125 0.409375
5 0.55546875 0.70078125 0.52578125 0.44765625
5 0.50078125 0.59609375 0.48984375 0.4484375
5 0.44375 0.50703125 0.47265625 0.41953125
5 0.3890625 0.41640625 0.4890625 0.39296875
6 0.425 0.11171875 0.2703125 0.21640625
6 0.484375 0.2 0.27890625 0.2390625
6 0.52734375 0.31171875 0.23203125 0.18203125
6 0.57421875 0.403125 0.225 0.1953125
6 0.6359375 0.48046875 0.2296875 0.2171875
6 0.69921875 0.56640625 0.24921875 0.22890625