5 0.09140625 0.58203125 0.1828125 0.6984375
5 0.2796875 0.5609375 0.14765625 0.78515625
5 0.43984375 0.50546875 0.16328125 0.92421875
5 0.59921875 0.5671875 0.15703125 0.76796875
5 0.75234375 0.60390625 0.15390625 0.7109375
5 0.9171875 0.50859375 0.165625 0.9265625
6 0.10703125 0.72578125 0.140625 0.40625
6 0.271875 0.73984375 0.14765625 0.3984375
6 0.440625 0.73359375 0.165625 0.49609375
6 0.60234375 0.74921875 0.12890625 0.4078125
6 0.74765625 0.7515625 0.159375 0.40703125
6 0.9140625 0.72734375 0.171875 0.48828125