5 0.0234375 0.5 0.046875 1
5 0.08828125 0.559375 0.06328125 0.88125
5 0.15078125 0.6265625 0.0640625 0.746875
5 0.19609375 0.6234375 0.0625 0.753125
5 0.25234375 0.6421875 0.06015625 0.715625
5 0.32109375 0.7046875 0.0671875 0.590625
5 0.38671875 0.71015625 0.0703125 0.57890625
5 0.453125 0.70703125 0.07890625 0.5859375
5 0.8328125 0.4921875 0.33359375 0.134375
5 0.83125 0.61953125 0.3375 0.1109375
5 0.81015625 0.73359375 0.3796875 0.1078125
5 0.79296875 0.86328125 0.4140625 0.1015625
5 0.75234375 0.959375 0.49375 0.08046875
5 0.2828125 0.05625 0.41171875 0.11171875
5 0.31171875 0.1734375 0.36484375 0.12890625
6 0.0265625 0.84375 0.05234375 0.3125
6 0.08671875 0.85859375 0.07109375 0.2828125
6 0.15234375 0.853125 0.06875 0.29375
6 0.2515625 0.85625 0.0765625 0.28671875
6 0.31953125 0.85078125 0.07265625 0.2984375
6 0.3890625 0.85703125 0.05546875 0.2859375
6 0.45390625 0.85703125 0.05390625 0.2859375
6 0.89765625 0.49765625 0.203125 0.09375
6 0.90859375 0.61171875 0.1828125 0.0734375
6 0.88515625 0.73046875 0.228125 0.08203125
6 0.8921875 0.86484375 0.215625 0.12109375
6 0.89765625 0.96484375 0.2046875 0.0703125
6 0.37890625 0.0578125 0.215625 0.11484375
6 0.38984375 0.16875 0.2109375 0.11640625
6 0.575 0.675 0.0859375 0.3578125
6 0.20546875 0.4171875 0.07890625 0.315625