5 0.2125 0.3609375 0.1078125 0.40859375
5 0.42265625 0.36015625 0.09609375 0.38359375
5 0.546875 0.4234375 0.096875 0.5140625
5 0.68359375 0.46875 0.0953125 0.6046875
5 0.75234375 0.56953125 0.140625 0.80546875
5 0.625 0.67421875 0.103125 0.5921875
5 0.50703125 0.71796875 0.1109375 0.5046875
6 0.38828125 0.86484375 0.15234375 0.23125
5 0.38046875 0.81015625 0.1328125 0.3078125
6 0.246875 0.86171875 0.13515625 0.22890625
5 0.24453125 0.81015625 0.1234375 0.3140625
5 0.30703125 0.578125 0.12578125 0.33515625
6 0.221875 0.2921875 0.1109375 0.2359375
6 0.30703125 0.525 0.11640625 0.20546875
6 0.41796875 0.29140625 0.0953125 0.25703125
6 0.55234375 0.31328125 0.09921875 0.2734375
6 0.6875 0.33046875 0.12265625 0.29609375
6 0.7515625 0.80546875 0.1296875 0.35
6 0.6203125 0.80703125 0.10390625 0.3234375
6 0.49453125 0.8234375 0.11875 0.29296875