5 0.0484375 0.45859375 0.09375 0.86484375
5 0.1453125 0.5359375 0.090625 0.89921875
5 0.23984375 0.4671875 0.09296875 0.91796875
5 0.33984375 0.54375 0.1 0.88046875
5 0.42890625 0.46640625 0.06953125 0.90390625
5 0.51796875 0.5359375 0.08828125 0.865625
5 0.60078125 0.4703125 0.08203125 0.89140625
5 0.6890625 0.55 0.0984375 0.8796875
5 0.77578125 0.465625 0.07890625 0.8765625
5 0.85546875 0.5421875 0.09765625 0.875
5 0.94296875 0.4609375 0.0953125 0.8890625
6 0.05078125 0.68125 0.090625 0.41328125
6 0.1484375 0.8171875 0.08515625 0.32265625
6 0.24140625 0.65390625 0.0859375 0.50703125
6 0.34140625 0.7546875 0.09375 0.440625
7 0.43046875 0.678125 0.07265625 0.43984375
6 0.51796875 0.72265625 0.08125 0.4921875
6 0.60234375 0.7015625 0.078125 0.421875
6 0.690625 0.69921875 0.0890625 0.5609375
6 0.775 0.71171875 0.06953125 0.375
6 0.9484375 0.6890625 0.09765625 0.4625
7 0.85859375 0.7234375 0.07421875 0.4609375