5 0.62578125 0.27890625 0.1171875 0.24453125
5 0.74765625 0.40859375 0.10625 0.4953125
5 0.84609375 0.46328125 0.084375 0.6125
5 0.94609375 0.4703125 0.1078125 0.60546875
5 0.6046875 0.671875 0.096875 0.6140625
6 0.6703125 0.5859375 0.04921875 0.196875
5 0.6703125 0.51796875 0.05703125 0.34296875
5 0.703125 0.74453125 0.0890625 0.49296875
5 0.79375 0.75 0.0828125 0.4859375
5 0.8640625 0.6375 0.08984375 0.37421875
6 0.62734375 0.24140625 0.07578125 0.13671875
6 0.7375 0.290625 0.09453125 0.234375
6 0.83203125 0.30234375 0.0734375 0.2671875
6 0.93671875 0.3125 0.09296875 0.2875
6 0.87578125 0.565625 0.0640625 0.20078125
6 0.59921875 0.83828125 0.1 0.2796875
6 0.703125 0.84140625 0.07890625 0.265625
6 0.7953125 0.85 0.08359375 0.25234375
6 0.90546875 0.9 0.0921875 0.15234375
5 0.91328125 0.86875 0.11796875 0.240625