5 0.2171875 0.22578125 0.434375 0.3171875
5 0.490625 0.765625 0.98046875 0.46875
5 0.3859375 0.62890625 0.77109375 0.49453125
5 0.2921875 0.43046875 0.584375 0.3609375
5 0.6578125 0.2796875 0.684375 0.44453125
5 0.58984375 0.1734375 0.8203125 0.34609375
5 0.7125 0.51171875 0.575 0.4109375
6 0.08203125 0.27265625 0.1640625 0.2234375
6 0.08984375 0.49375 0.1796875 0.2453125
6 0.13125 0.7140625 0.26171875 0.3140625
6 0.17890625 0.89375 0.3578125 0.2125
6 0.89609375 0.1953125 0.2078125 0.26640625
6 0.88125 0.0671875 0.234375 0.134375
6 0.95703125 0.39453125 0.0859375 0.2203125