8 0.246875 0.121875 0.48671875 0.16328125
8 0.7515625 0.11953125 0.4375 0.16171875
8 0.75 0.46796875 0.465625 0.21015625
8 0.2578125 0.446875 0.425 0.20390625
8 0.253125 0.81328125 0.43515625 0.2
8 0.740625 0.82890625 0.42421875 0.17890625
8 0.678125 0.7578125 0.16484375 0.1328125
8 0.6140625 0.7515625 0.15625 0.1234375
14 0.3984375 0.07890625 0.20078125 0.08984375
14 0.8796875 0.08671875 0.2171875 0.084375
14 0.37734375 0.40546875 0.23359375 0.1015625
14 0.89453125 0.42890625 0.18828125 0.1
14 0.3734375 0.77265625 0.1984375 0.103125
14 0.87421875 0.80078125 0.1515625 0.10703125
14 0.65625 0.71484375 0.08046875 0.08203125
14 0.71015625 0.72890625 0.08515625 0.046875