8 0.234375 0.71875 0.4078125 0.50859375
8 0.5484375 0.56328125 0.45546875 0.57265625
8 0.2609375 0.49453125 0.4328125 0.5203125
14 0.64765625 0.69296875 0.25078125 0.29375
14 0.29921875 0.8140625 0.24609375 0.3046875
14 0.3625 0.609375 0.21953125 0.30625
8 0.71484375 0.29375 0.10078125 0.340625
8 0.8171875 0.30234375 0.15 0.35703125
8 0.9015625 0.2796875 0.1328125 0.340625
14 0.72421875 0.3609375 0.075 0.20703125
14 0.9046875 0.36953125 0.08828125 0.2328125
14 0.8171875 0.21875 0.078125 0.2109375