12 0.17578125 0.26015625 0.246875 0.47265625
12 0.50625 0.25390625 0.2875 0.4875
12 0.82734375 0.259375 0.246875 0.4640625
12 0.1640625 0.74609375 0.19296875 0.48046875
12 0.50703125 0.7421875 0.24765625 0.45703125
12 0.82578125 0.7484375 0.2328125 0.47578125
3 0.18671875 0.30234375 0.11015625 0.37421875
3 0.503125 0.30859375 0.10234375 0.3625
3 0.809375 0.290625 0.09453125 0.40546875
3 0.1671875 0.79609375 0.115625 0.3640625
3 0.503125 0.79609375 0.1078125 0.3671875
3 0.82890625 0.79140625 0.10234375 0.3625