13 0.17109375 0.5375 0.1 0.48359375
13 0.23984375 0.5265625 0.08671875 0.48046875
13 0.3015625 0.53125 0.09140625 0.4796875
13 0.69765625 0.52265625 0.07578125 0.4953125
13 0.6109375 0.515625 0.08671875 0.5046875
13 0.5328125 0.5140625 0.09609375 0.4859375
13 0.45859375 0.52734375 0.08515625 0.48828125
2 0.1921875 0.4671875 0.04609375 0.33671875
2 0.240625 0.4578125 0.0515625 0.36484375
2 0.31015625 0.45390625 0.04765625 0.33515625
2 0.3984375 0.46015625 0.05234375 0.34453125
2 0.4609375 0.440625 0.0578125 0.3421875
2 0.5484375 0.42890625 0.0609375 0.35625
2 0.61796875 0.43984375 0.0578125 0.33515625
2 0.696875 0.44140625 0.065625 0.33125