13 0.11796875 0.66875 0.17265625 0.66171875
13 0.27109375 0.32890625 0.1546875 0.621875
13 0.38984375 0.67421875 0.16328125 0.62734375
13 0.50703125 0.33046875 0.1515625 0.61953125
13 0.63671875 0.67109375 0.19765625 0.65703125
13 0.89375 0.6765625 0.1828125 0.646875
13 0.76796875 0.31953125 0.1390625 0.6375
2 0.121875 0.61171875 0.04765625 0.22265625
2 0.265625 0.25546875 0.0546875 0.27109375
2 0.50703125 0.25234375 0.0625 0.2734375
2 0.3921875 0.625 0.040625 0.23984375
2 0.63515625 0.60703125 0.0515625 0.21796875
2 0.8984375 0.6203125 0.05859375 0.22734375
2 0.765625 0.25078125 0.08203125 0.26953125